2 21 150
11 19 150
21 29 150
31 51 150
56 76 150
30 112 150
2 60 150
5 70 150
8 81 150
17 94 150
23 103 150
33 106 150
39 97 150
48 88 150
52 84 150
48 68 150
39 58 150
28 39 150
26 34 150
17 25 150
8 20 150
1 93 140
7 110 140
19 122 140
42 134 140
46 104 140
69 79 140
19 14 140
2 4 140
45 50 140
7 101 140
13 114 140
26 127 140
35 129 140
41 122 140
48 109 140
57 95 140
68 85 140
63 89 140
67 74 140
64 70 140
59 65 140
49 54 140
45 50 140
40 48 140
40 43 140
36 37 140
33 28 140
27 22 140
24 22 140
18 13 140
15 9 140
9 7 140
6 7 140
2 122 130
39 143 130
54 156 130
7 125 130
10 126 130
16 134 130
24 138 130
30 140 130
43 148 130
51 154 130
61 160 130
66 162 130
70 149 130
61 133 130
56 122 130
60 103 130
70 96 130
78 89 130
82 74 130
74 67 130
65 56 130
56 45 130
49 32 130
40 20 130
29 12 130
70 161 130
73 153 130
62 136 130
53 113 130
87 80 130
50 40 130
46 24 130
32 17 130
24 1 130
0 136 120
34 153 120
54 169 120
91 171 120
91 157 120
70 134 120
64 115 120
66 107 120
107 83 120
111 72 120
80 64 120
47 14 120
7 140 120
14 145 120
21 148 120
27 150 120
40 158 120
46 164 120
63 171 120
68 173 120
73 173 120
87 173 120
92 166 120
84 150 120
76 142 120
67 126 120
77 106 120
81 102 120
92 93 120
101 86 120
99 69 120
89 66 120
75 55 120
68 45 120
64 39 120
58 30 120
53 21 120
37 8 120
41 11 120
72 172 120
9 142 120
18 145 120
24 149 120
42 159 120
48 167 120
63 172 120
78 173 120
84 173 120
91 164 120
85 153 120
76 144 120
67 126 120
75 105 120
85 100 120
90 92 120
98 88 120
111 77 120
101 69 120
92 66 120
76 58 120
72 52 120
67 44 120
59 34 120
55 24 120
52 19 120
43 12 120
37 7 120
32 2 120
2 148 110
28 159 110
43 176 110
74 183 110
113 176 110
117 169 110
77 129 110
74 115 110
132 76 110
108 56 110
89 55 110
57 7 110
251 1 110
271 10 110
290 1 110
10 153 110
19 155 110
36 167 110
53 178 110
65 180 110
84 184 110
102 182 110
112 165 110
106 159 110
100 153 110
92 147 110
84 138 110
76 123 110
82 111 110
89 106 110
96 99 110
107 93 110
118 89 110
127 85 110
129 72 110
123 69 110
113 60 110
101 56 110
81 49 110
75 39 110
71 32 110
68 24 110
62 18 110
52 6 110
44 2 110
256 4 110
262 8 110
277 9 110
284 4 110
2 158 100
21 165 100
40 185 100
76 198 100
113 188 100
135 173 100
132 163 100
99 140 100
89 122 100
104 104 100
152 83 100
158 74 100
130 61 100
109 42 100
96 45 100
89 38 100
61 1 100
207 0 100
235 6 100
263 19 100
286 16 100
301 1 100
8 162 100
15 163 100
27 172 100
31 178 100
49 188 100
61 189 100
70 195 100
86 195 100
93 193 100
103 191 100
125 184 100
135 170 100
127 160 100
119 156 100
112 152 100
104 146 100
94 134 100
95 115 100
111 100 100
125 96 100
136 91 100
144 88 100
150 72 100
143 68 100
126 58 100
119 51 100
104 44 100
82 30 100
79 25 100
76 19 100
69 9 100
216 3 100
224 5 100
247 12 100
255 17 100
276 19 100
297 8 100
3 165 90
16 173 90
31 192 90
78 208 90
119 198 90
158 179 90
157 169 90
106 135 90
100 131 90
102 119 90
118 106 90
165 88 90
188 95 90
202 89 90
172 69 90
127 50 90
113 32 90
93 29 90
78 8 90
187 5 90
204 12 90
231 14 90
263 27 90
283 28 90
290 27 90
318 2 90
366 17 90
352 2 90
8 169 90
12 170 90
22 181 90
38 195 90
48 196 90
57 198 90
65 204 90
71 206 90
89 205 90
100 204 90
109 202 90
132 194 90
142 191 90
155 185 90
149 163 90
138 155 90
129 150 90
120 148 90
113 142 90
108 115 90
131 107 90
141 100 90
153 93 90
177 91 90
42 196 90
56 199 90
68 205 90
93 204 90
107 201 90
132 195 90
150 187 90
147 162 90
134 153 90
121 149 90
113 143 90
107 115 90
127 106 90
143 100 90
158 93 90
178 91 90
197 95 90
193 83 90
181 76 90
164 66 90
154 62 90
142 58 90
136 54 90
120 39 90
100 31 90
90 24 90
85 15 90
85 4 90
195 10 90
216 16 90
223 16 90
241 18 90
250 22 90
271 28 90
297 22 90
304 15 90
312 7 90
358 6 90
362 12 90
1 173 80
30 205 80
45 204 80
64 214 80
69 219 80
68 230 80
72 238 80
96 213 80
148 200 80
180 196 80
196 206 80
205 190 80
207 182 80
200 175 80
169 164 80
144 153 80
112 131 80
113 122 80
134 114 80
164 100 80
186 106 80
225 106 80
228 103 80
199 74 80
144 47 80
114 23 80
114 6 80
133 3 80
158 3 80
186 17 80
273 36 80
278 40 80
241 31 80
211 26 80
291 38 80
308 20 80
333 9 80
348 16 80
354 44 80
366 48 80
8 177 80
10 182 80
16 193 80
38 206 80
55 210 80
81 231 80
85 222 80
91 219 80
110 211 80
121 211 80
132 206 80
161 200 80
170 197 80
186 202 80
200 198 80
187 170 80
175 165 80
162 159 80
152 155 80
134 145 80
125 140 80
118 133 80
125 120 80
138 113 80
149 109 80
158 103 80
176 105 80
197 109 80
214 107 80
225 96 80
212 85 80
185 68 80
175 61 80
161 56 80
153 52 80
133 39 80
122 31 80
115 16 80
124 6 80
144 4 80
169 10 80
177 14 80
196 21 80
211 25 80
221 27 80
243 33 80
261 38 80
288 39 80
304 30 80
321 17 80
327 14 80
342 12 80
353 24 80
354 31 80
354 36 80
361 47 80
1 188 70
20 212 70
49 221 70
53 240 70
83 256 70
103 225 70
163 213 70
175 215 70
194 225 70
204 219 70
220 190 70
216 178 70
197 160 70
154 147 70
130 127 70
163 112 70
212 118 70
255 128 70
264 122 70
246 102 70
222 82 70
183 56 70
143 34 70
132 20 70
136 14 70
149 14 70
187 29 70
218 37 70
279 50 70
294 45 70
316 28 70
332 28 70
338 34 70
337 60 70
346 56 70
365 72 70
6 193 70
10 201 70
16 208 70
33 217 70
42 218 70
53 230 70
62 244 70
70 247 70
77 251 70
89 251 70
94 242 70
100 230 70
121 223 70
133 223 70
150 216 70
168 215 70
183 219 70
200 224 70
208 211 70
214 199 70
208 169 70
181 157 70
165 153 70
143 140 70
135 133 70
146 121 70
180 116 70
205 116 70
222 119 70
243 123 70
258 116 70
248 107 70
240 100 70
234 93 70
211 77 70
200 70 70
192 64 70
182 58 70
172 52 70
164 46 70
154 40 70
137 29 70
158 18 70
170 22 70
195 32 70
211 35 70
226 38 70
243 42 70
254 47 70
268 50 70
307 38 70
336 46 70
352 60 70
363 68 70
1 211 60
17 226 60
38 229 60
46 251 60
94 271 60
110 236 60
170 226 60
195 244 60
218 230 60
223 222 60
221 207 60
234 195 60
233 183 60
205 157 60
158 134 60
158 127 60
170 123 60
178 146 60
202 124 60
275 145 60
280 130 60
272 114 60
245 90 60
191 54 60
197 41 60
241 51 60
276 59 60
293 56 60
319 42 60
324 50 60
326 71 60
337 76 60
353 78 60
365 85 60
10 219 60
29 227 60
41 243 60
58 257 60
72 261 60
86 268 60
103 262 60
107 249 60
125 236 60
139 231 60
153 230 60
178 233 60
188 240 60
205 241 60
214 236 60
222 215 60
228 199 60
229 178 60
222 170 60
211 162 60
194 151 60
176 145 60
167 140 60
177 124 60
188 124 60
215 126 60
233 129 60
250 134 60
265 142 60
279 140 60
277 125 60
264 108 60
250 97 60
234 82 60
222 74 60
212 68 60
198 58 60
207 43 60
223 48 60
243 51 60
254 54 60
264 58 60
285 59 60
298 55 60
307 50 60
312 46 60
323 49 60
323 57 60
323 63 60
331 75 60
339 77 60
355 82 60
360 83 60
1 231 50
22 240 50
34 255 50
71 272 50
109 271 50
125 247 50
155 237 50
176 243 50
200 261 50
235 228 50
233 210 50
244 199 50
245 190 50
225 161 50
186 139 50
188 131 50
230 137 50
286 161 50
296 159 50
287 120 50
229 70 50
231 65 50
249 61 50
284 71 50
303 62 50
312 68 50
317 84 50
364 95 50
8 236 50
29 247 50
45 262 50
58 269 50
118 262 50
120 252 50
142 242 50
166 241 50
186 252 50
210 251 50
224 240 50
235 219 50
236 175 50
207 150 50
195 144 50
196 132 50
209 132 50
216 135 50
241 141 50
255 148 50
273 154 50
297 149 50
292 135 50
277 110 50
261 94 50
246 84 50
239 79 50
233 74 50
240 62 50
261 64 50
274 67 50
293 67 50
311 74 50
324 87 50
335 89 50
348 91 50
357 94 50
1 253 40
17 258 40
45 272 40
124 272 40
134 261 40
166 251 40
195 271 40
202 272 40
247 232 40
258 205 40
254 186 40
240 163 40
219 145 40
261 157 40
294 177 40
308 158 40
294 118 40
251 71 40
287 80 40
299 79 40
320 97 40
366 111 40
342 102 40
132 266 40
150 255 40
181 259 40
214 265 40
209 268 40
192 268 40
184 260 40
223 253 40
231 248 40
230 245 40
242 239 40
252 224 40
254 212 40
248 175 40
231 156 40
238 149 40
249 153 40
272 163 40
282 170 40
303 168 40
306 147 40
302 135 40
283 106 40
271 95 40
257 80 40
252 76 40
261 72 40
274 76 40
291 80 40
303 82 40
311 87 40
330 98 40
338 101 40
346 104 40
353 105 40
358 109 40
149 272 30
168 267 30
179 273 30
232 255 30
251 241 30
266 227 30
266 197 30
257 168 30
267 169 30
282 182 30
297 196 30
308 170 30
318 162 30
309 130 30
294 99 30
314 102 30
335 112 30
352 120 30
365 126 30
355 121 30
341 116 30
327 108 30
305 99 30
298 108 30
302 116 30
309 132 30
315 147 30
320 155 30
307 180 30
305 190 30
288 188 30
277 179 30
261 180 30
265 192 30
268 209 30
266 219 30
262 234 30
248 243 30
239 249 30
233 254 30
226 260 30
221 266 30
215 272 30
174 270 30
158 270 30
227 271 20
239 260 20
264 244 20
277 230 20
281 197 20
305 212 20
317 181 20
329 162 20
320 129 20
352 133 20
365 141 20
325 145 20
358 138 20
336 133 20
325 149 20
322 173 20
312 194 20
293 206 20
276 215 20
269 239 20
250 252 20
237 261 20
236 273 10
255 257 10
284 239 10
301 227 10
306 231 10
315 229 10
319 220 10
317 207 10
327 181 10
346 167 10
366 151 10
244 268 10
253 259 10
266 250 10
281 242 10
292 233 10
325 190 10
343 172 10
352 159 10
359 154 10
295 272 0
301 266 0
310 265 0
322 257 0
343 236 0
365 227 0
357 232 0
359 138 0
317 262 0
326 255 0
336 247 0
341 241 0
352 235 0
360 230 0
